21421.012
21267.863
21403.033
21338.49
21230.137
21147.34
21056.86
21135.812
21166.568
21096.307
21193.895
21231.172
21151.844
21062.633
21190.982
21145.494
21076.064
21139.936
21047.451
20975.873
20978.541
20991.602
21066.795
21068.688
21078.219
21117.648
20977.88
21054.363
21064.041
21093.639
20975.85
20978.312
21001.336
20984.969
20954.803
21055.453
20983.729
20966.688
20906.25
20864.594
20867.576
20857.463
21023.227
20866.398
20869.87
20972.445
20764.938
20851.45
20878.963
20904.064
20907.545
20794.55
20969.5
20903.502
20904.037
20887.85
20786.324
20817.69
20910.37
20714.793
20796.287
20707.775
20782.77
20775.986
20784.74
20823.121
20767.602
20780.709
20739.57
20814.535
20835.025
20845.209
20724.191
20727.805
20705.57
20677.873
20714.094
20725.695
20718.082
20585.572
20595.197
20642.486
20840.465
20771.887
20829.965
20898.203
20947.457
21005.523
20908.059
20855.713
20796.65
20877.684
20803.04
20698.908
20692.043
20771.254
20758.977
20653.953
20647.008
20673.951
20712.877
20632.521
20590.385
20513.355
20640.684
20651.35
20566.604
20519.396
20597.744
20661.193
20630.377
20688.69
20755.13
20532.55
20664.469
20600.652
20681.457
20528.3
20550.252
20599.398
20535.32
20428.324
20529.477
20445.078
20507.94
20561.172
20490.02
20482.545
20455.672
20456.791
20463.408
20549.174
20359.953
20542.004
20655.945
20635.203
20537.748
20408.873
20423.494
20430.426
20321.855
20372.45
20288.186
20392.127
20414.344
20495.37
20346.467
20366.111
20353.467
20362.436
20330.205
20372.139
20367.324
20302.223
20270.283
20272.395
20269.08
20273.553
20236.068
20246.99
20361.605
20323.414
20245.418
20339.41
20271.252
20386.365
20328.312
20311.8
20398.832
20409.072
20353.662
20305.46
20316.715
20149.998
20305.371
20211.783
20208.979
20304.086
20366.102
20396.57
20328.08
20198.047
20244.082
20145.89
20304.15
20270.508
20307.709
20344.488
20466.58
20446.78
20496.312
20430.064
20462.35
20422.64
20413.105
20491.854
20334.775
20503.453
20524.686
20340.51
20463.523
20371.736
20362.588
20477.033
20293.965
20397.604
20322.693
20299.783
20328.49
20196.43
20350.168
20255.412
20272.82
20416.324
20532.902
20349.45
20321.28
20317.242
20334.268
20177.795
20283.252
20344.473
20288.408
20369.88
20354.518
20334.512
20471.518
20383.264
20384.127
20286.041
20464.145
20214.322
20229.107
20452.23
20304.908
20383.828
20368.08
20280.645
20280.676
20252.35
20253.717
20350.502
20307.44
20337.37
20417.684
20375.008
20366.447
20352.574
20366.066
20390
20399.69
20337.908
20390.092
20446.787
20503.703
20372.67
20347.053
20371.766
20474.867
20262.16
20358.426
20408.482
20425.352
20442.04
20478.588
20459.242
20573.355
20465.877
20434.328
20488.574
20498.713
20513.84
20447.105
20533.398
20402.898
20493.686
20500.68
20537.225
20443.459
20334.076
20277.398
20258.549
20283.035
20418.004
20425.172
20436.17
20378.445
20449.287
20419.686
20540.922
20542.236
20423.13
20522.363
20496.955
20511.93
20572.404
20519.902
20602.055
20362.012
20601.371
20515.541
20568.457
20504.074
20476.455
20482.588
20613.412
20604.553
20742.057
20743.703
20760.389
20694.654
20736.775
20739.31
20902.902
20913.094
20897.236
21063.867
21103.582
21125.38
21240.414
21283.084
21260.363
21265.402
21433.525
21333.928
21308.201
21425.29
21476.617
21571.215
21435.111
21496.309
21574.762
21551.582
21657.047
21632.682
21660.346
21728.947
21829.947
21953.656
21682.482
21819.36
21841.219
21807.994
21849.404
21968.42
21886.383
21862.822
21955.592
21867.871
21929.016
22107.568
21990.291
22123.74
22008.188
22189.55
22097.645
22125.283
22126.002
22083.803
22196.945
21965.611
22125.264
21990.744
22075.217
22107.898
22085.348
22151.875
22234.705
22268.81
22209.846
22298.09
22175.748
22114.21
22287.969
22227.992
22216.543
22112.43
22146.379
22227.297
22265.43
22239.615
22153.627
22120.297
22190.072
22163.674
22311.883
22280.596
22298.035
22223.613
22273.451
22134.627
22187.783
22190.465
22036.18
22065.201
22002.229
22173.293
22174.61
22220.852
21992.914
22162.047
22036.604
22199.148
22056.682
21996.285
22091.307
21998.361
22138.158
22043.191
21975.936
22025.365
21863.621
21868.252
21868.42
21822.67
21943.332
21817.682
21824.51
21694.38
21871.129
21702.19
21681.69
21480.24
21504.174
21538.637
21480.809
21453.72
21401.482
21456.348
21300.121
21295.215
21358.51
21278.434
21418.666
21262.23
21309.164
21385.756
21444.53
21338.781
21258.56
21229.035
21112.363
21191.502
21172.768
21229.879
21163.89
21132.03
20911.447
20890.488
20847.201
20730.373
20715.098
20613.156
20613.156
20619.84
20700.748
20860.143
20728.64
20740
20711.922
20747.295
20726.531
20614.643
20796.264
20725.713
20784.527
20718.469
20734.756
20722.035
20669.748
20814.71
20905.83
20788.467
20981.828
20985.87
20974.14
20862.293
20947.443
20869.533
20892.537
20890.932
20898.883
20882.326
21004.49
21007.926
21135.965
21114.832
21180.855
21167.578
21196.953
21154.23
21144.055
21074.072
21233.033
21261.223
21426.234
21296.822
21464.838
21372.39
21523.076
21534.492
21577.457
21436.238
21353.56
21292.045
21253.285
21359.31
21350.137
21505.027
21358.797
21454.064
21591.75
21469.41
21619.033
21506.074
21477.139
21456.162
21581.727
21612.713
21411.836
21387.193
21441.85
21536.193
21453.305
21497.59
21730.723
21676.041
21659.512
21772.387
21836.656
21789.467
21748.227
21833.318
21740.604
21844.246
21906.281
21876.432
21915.771
21969.65
21968.361
21874.594
22085.014
21999.979
22050.824
22109.389
22046.67
22077.988
22149.803
22221.39
22131.605
22130.205
22143.65
22222.04
22100.91
22192.115
22273.28
22255.844
22138.48
22202.49
22201.164
22091.543
22207.453
22254.256
22266.951
22218.865
22273.018
22390.34
22298.008
22242.35
22243.34
22266.438
22328.666
22340.139
22344.08
22388.188
22330.545
22337.78
22250.564
22301
22355.48
22368.92
22346.441
22338.717
22390.826
22324.113
22470.22
22404.027
22472.893
22342.83
22427.004
22462.922
22281.357
22375.297
22363.701
22350.488
22423.402
22432.967
22379.594
22339.463
22429.865
22492.674
22424.23
22459.154
22408.055
22499.078
22532.62
22438.777
22426.906
22526.242
22623.857
22588.232
22611.953
22647.459
22693.758
22670.541
22633.258
22537.527
22538.006
22509.186
22486.758
22582.8
22691.523
22659.088
22630.486
22515.396
22619.475
22661.666
22533.691
22622.049
22598.055
22664.096
22645.639
22642.984
22756.154
22753.016
22682.686
22665.291
22625.469
22723.121
22834.629
22750.42
22792.46
22793.137
22678.053
22715.64
22692.67
22674.502
22695.023
22771.18
22720.066
22764.014
22644.654
22701.326
22632.172
22634.287
22662.264
22600.295
22669.643
22637.406
22543.092
22562.873
22448.348
22464.521
22429.414
22495.33
22388.783
22291.396
22424.484
22418.82
22282.541
22365.79
22262.318
22221.295
22279.582
22272.035
22356.5
22141.016
22182.04
22166.166
22030.467
22184.557
22010.125
22074.518
21967.91
21943.688
21858.377
21941.885
21922.062
21770.25
21829.494
21802.541
21658.195
21644.797
21624.518
21629.146
21628.875
21613.646
21632.084
21530.37
21512.879
21576.293
21638.219
21617.469
21610.86
21544.396
21541.627
21450.043
21585.729
21408.744
21497.656
21374.088
21595.785
21405.885
21438.234
21282.54
21230.016
21258.408
21389.8
21363.482
21292.506
21404.646
21305.748
21438.666
21464.465
21450.643
21459.717
21434.3
21316.83
21331.18
21410.205
21367.096
21423.34
21367.826
21304.404
21380.238
21302.35
21262.57
21274.023
21444.098
21529.797
21482.81
21498.986
21544.518
21589.156
21524.855
21400.725
21405.662
21365.436
21432.623
21456.424
21441.1
21461.531
21550.873
21467.53
21508.71
21538.855
21641.312
21511.777
21635.365
21551.291
21582.756
21711.693
21670.477
21656.762
21789.928
21833.537
21769.203
21811.793
21793.785
21733.176
21654.104
21663.855
21781.027
21691.002
21733.084
21724.43
21772.834
21828.541
21893.297
21865.582
21880.36
21770.621
21956.979
21935.729
21862.996
21885.023
22014.92
21906.285
21905.283
22073.51
22010.65
22125.508
22253.047
22157.26
22247.314
22097.459
22210.02
22089.871
22106.969
22219.938
22179.113
22213.723
22203.938
22277.398
22295.936
22313.434
22298.084
22259.355
22508.057
22385.938
22320.074
22289.035
22270.297
22336.81
22274.16
22345.092
22285.219
22205.643
22370.193
22339.893
22290.23
22333.93
22241.742
22168.604
22346.652
22271.908
22306.162
22290.793
22241.37
22407.113
22309.701
22356.375
22339.936
22280.197
22358.027
22369.197
22446.844
22441.51
22389.574
22386.75
22324.758
22472.238
22384.27
22397.186
22436.836
22522.559
22451.576
22433.002
22429.402
22369.744
22451.5
22412.414
22405.482
22408.732
22475.719
22446.807
22488.264
22622.717
22485.354
22485.953
22557.854
22633.723
22675.328
22615.012
22594.566
22594.754
22504.078
22512.492
22439.967
22441.826
22447.33
22460.459
22414.629
22470.773
22297.684
22379.705
22361.262
22473.305
22471.863
22499.604
22401.617
22525.176
22488.795
22566.467
22472.71
22426.49
22445.203
22504.871
22452.607
22421.34
22476.803
22532.525
22527.445
22440.041
22460.135
22575.504
22407.117
22470.143
22558.559
22323.752
22420.768
22457.418
22411.08
22487.398
22580.336
22547.059
22601.8
22652.104
22563.854
22531.13
22624.258
22456.518
22454.484
22525.225
22607.512
22535.594
22628.113
22607.137
22645.936
22633.525
22557.484
22673.656
22776.209
22756.729
22834.193
22651.117
22628.6
22690.121
22630.184
22790.797
22712.082
22646.264
22665.531
22726.752
22721.32
22797.494
22779.355
22821.725
22893.998
22886.062
22977.828
22897.693
22917.203
22902.754
22823.152
22973.408
22919.152
22905.217
22890.717
22925.729
23013.592
22991.773
22980.049
22961.152
23087.877
22854.416
22984.477
22998.602
22962.117
23019.854
22971.629
22932.443
22983.516
22939.951
22951.393
22899.205
22968.812
22867.424
22882.828
22885.77
23036.035
22994.709
23078.232
23056.664
23190.541
23074.068
23085.277
23052.625
23042.15
22940.746
22934.447
22995.188
23058.05
23056.146
23042.676
23004.914
23006.967
23053.205
22966.13
23046.94
22975.656
23000.566
22980.734
22938.742
22971.025
22984.625
22883.555
23011.521
22866.988
22924.664
22845.691
22902.47
22791.191
22833.572
22817.576
22820.576
22928.387
22928.387
23008.867
22983.41
22922.102
22920.328
22849.844
22731.516
22783.494
22780.08
22833.959
22876.863
22645.783
22727.443
22414.652
22633.857
22570.799
22649.98
22557.717
22631.06
22590.154
22547.066
22558.277
22584.818
22605.287
22638.227
22585.848
22619.86
22453.969
22506.6
22497.947
22526.393
22550.062
22605.83
22596.252
22638.014
22636.271
22566.615
22566.04
22582.926
22651.371
22643.27
22661.352
22642.273
22656.135
22523.19
22518.6
22518.258
22496.316
22481.172
22450.77
22495.992
22323.123
22412.27
22363.242
22359.967
22466.695
22419.332
22443.27
22491.658
22462.68
22457.24
22434.582
22271.412
22336.47
22339.137
22387.07
22276.871
22297.809
22202.658
22199.871
22227.83
22112.885
22176.006
22255.088
22211.514
22172.033
22254.658
22208.973
22308.365
22182.488
22302.217
22303.355
22277.672
22347.545
22194.627
22216.074
22312.729
22289.627
22294.566
22268.697
22250.643
22371.217
22184.406
22235.572
22314.793
22312.746
22393.5
22300.818
22395.615
22298.785
22377.934
22461.826
22388.02
22437.002
22469.527
22442.615
22604.19
22489.053
22715.254
22661.459
22683.86
22646.83
22687.234
22740.125
22639.998
22546.62
22611.102
22587.371
22527.385
22616.87
22567.441
22543.662
22674.941
22628.4
22649.05
22758.291
22729.035
22743.38
22737.314
22616.775
22746.05
22767.635
22719.49
22704.385
22694.049
22842.979
22711.365
22668.389
22763.133
22620.334
22739.71
22645.23
22767.86
22643.574
22589.479
22718.775
22608.621
22648.562
22669.895
22727.41
22674.588
22754.555
22726.781
22675.695
22776.518
22724.781
22794.295
22847.756
22821.312
22792.477
22833.781
22909.373
22798.787
22898.557
22930.7
22961.584
22921.955
22979.717
22929.523
22778.072
22905.975
22704.572
22812.92
22853.062
22769.045
22827.334
22861.658
22812.5
22784.408
22850.857
22950.672
22859.568
22849.31
22863.773
22790.402
22835.135
22859.76
22803.78
22835.117
22799.244
22717.576
22876.803
22750.53
22753.668
22841.852
22817.182
22704.27
22803.754
22671.643
22791.4
22698.77
22677.518
22670.092
22636.809
22743.182
22802.855
22845.658
22700.553
22688.623
22641.14
22686.834
22736.768
22684.703
22724.412
22768.676
22742.68
22751.05
22805.555
22785.598
22712.443
22819.072
22751.723
22755.865
22863.756
22664.645
22676.033
22711.572
22657.992
22658.324
22813.383
22703.48
22763.639
22767.646
22636.559
22643.557
22594.254
22596.586
22486.979
22677.828
22617.357
22735.791
22694.105
22604.389
22584.645
22637.047
22592.447
22587.266
22549.89
22571.064
22645.176
22524.68
22651.938
22622.771
22520.28
22881.514
23022.69
23183.389
23292.52
23377.955
23565.955
23670.361
23594.371
23939.41
23895.834
23845.176
23940.35
23761.186
23861.605
23952.781
23701.572
23950.574
23914.955
23907.941
23846.3
23689.521
23677.68
23806.652
23685.475
23738.26
23774.3
23776.877
23684.426
23737.795
23635.092
23628.514
23580.582
23687.701
23764.219
23622.203
23578.41
23591.438
23551.746
23524.27
23474.246
23630.002
23536.07
23559.959
23524.045
23471.188
23369.828
23548.121
23325.467
23437.193
23628.78
23488.496
23345.629
23378.145
23379.037
23481.8
23486.78
23415.46
23350.002
23451.63
23227.447
23181.312
23209.107
23340.236
23361.836
23291.326
23260.719
23311.982
23252.098
23361.775
23229.953
23319.32
23233.795
23288.068
23266.988
23244.518
23021.46
23034.033
23112.96
22921.014
23049.535
23011.256
23049.861
23117.39
23082.352
23061.182
23021.906
22891.713
22940.238
22862.639
22844.283
22781.791
22769.678
22739.098
22675.154
22700.098
22715.418
22644.053
22769.844
22757.223
22703.54
22681.127
22537.242
22550.746
22460.775
22474.639
22448.822
22508.443
22540.295
22588.396
22754.084
22689.28
22612.99
22525.436
22451.213
22483.541
22473.836
22521.365
22474.281
22241.787
22347.205
22390.629
22201.46
22187.35
22152.012
22090.092
22144.396
22181.89
22102.29
22084.508
22089.541
22077.62
22086.473
22036.943
21972.344
21989.275
22009.26
21860.99
21865.924
21995.115
21849.832
21844.158
21887.87
21988.395
21979.855
21884.97
21840.135
21772.494
21811.367
21765.576
21829.877
21731.01
21663.434
21677.404
21718.553
21683.803
21632.363
21696.096
21670.902
21575.627
21621.592
21593.945
21568.06
21535.576
21516.482
21501.68
21468.549
21408.467
21525.385
21521.402
21524.096
21528.076
21573.973
21507.809
21472.686
21515.21
21448.344
21404.695
21350.521
21290.168
