19915.79
19793.566
19800.17
19801.736
19881.672
19878.338
19797.361
19851.414
19782.832
19745.223
19751.867
19783.873
19705.99
19765.924
19709.217
19724.418
19667.146
19738.002
19737.857
19618.309
19824.738
19650.975
19636.596
19554.375
19552.885
19551.16
19582.791
19577.633
19432.152
19407.768
19443.754
19553.69
19601.395
19526.475
19560.436
19491.176
19353.83
19401.934
19447.959
19452.549
19289.355
19393.756
19364.879
19332.934
19370.79
19428.094
19469.475
19469.523
19345.176
19435.818
19336.549
19355.504
19490.277
19441.11
19444.31
19577.988
19471.693
19451.883
19430.246
19363.533
19366.926
19384.453
19404.023
19365.121
19421.701
19413.959
19447.264
19443.84
19451.836
19490.557
19385.309
19392.973
19448.264
19372.545
19429.527
19378.664
19363.732
19377.043
19341.568
19282.1
19364.287
19410.705
19342.887
19326.54
19250.234
19276.057
19343.666
19270.139
19269.855
19225.34
19296.2
19347.932
19400.16
19358.418
19377.727
19201.943
19415.988
19251.441
19303.906
19260.092
19287.402
19329.951
19346.986
19250.795
19260.88
19221.69
19099.727
19151.064
19168.39
19199.938
19132.523
19085.098
19158.354
19021.781
19153.947
19228.49
19181.27
19105.988
19212.16
19237.395
19201.877
19244.678
19260.664
19214.707
19189.229
19125.941
19066.37
19056.74
19010.555
19006.85
19081.832
19032.229
19062.781
19122.83
19023.41
19016.602
19131.1
18991.18
19234.246
19009.113
19183.867
19120.467
19001.025
19184.271
19043.059
19063.508
19002.637
19025.645
19079.615
19005.887
18915.707
19065.9
18897.738
19058.85
18963.793
18998.371
18926.184
18904.44
18934.271
19049.89
19087.326
19050.24
19045.184
19108.123
18983.775
19098.604
18962.547
19084.139
19041.133
19066.072
19160.303
19070.416
19062.865
19020.63
19128.244
19021.057
19086.463
19129.053
19082.059
19045.412
19048.719
19098.35
18929.396
19012.828
18933.703
19016.191
19032.43
19021.326
18964.967
18934.666
18991.207
18960.594
19091.05
19012.45
19137.33
19142.76
19171.133
19092.828
19054.334
18989.602
19020.787
18909.262
19005.727
18997.174
19003.82
19034.678
18994.639
18977.229
19098.445
18984.219
19037.02
19013.775
19006.303
18984.107
19142.71
18985.176
19009.512
18915.316
18940.82
18921.775
18998.883
19063.484
19065.076
19093.455
19008.19
18996.164
19022.58
19172.04
19070.16
19100.916
19155.941
19046.871
19088.518
19099.111
19124.812
19153.96
19026.895
19085.152
19037.764
19122.861
18994.031
19065.94
19074.578
19240.248
19182.453
19147.662
19196.518
19197.375
19076.414
19136.66
19094.41
19152.139
19070.379
19201.223
19176.746
19227.363
19165.918
19158.184
19266.977
19265.098
19268.672
19405.238
19429.377
19235.51
19351.38
19167.695
19272.982
19258.633
19358.64
19329.938
19379.582
19342.123
19426.453
19446.184
19339.416
19505.328
19359.646
19391.963
19398.38
19344.137
19515.031
19339.238
19314.24
19457.307
19399.838
19480.207
19436.893
19501.98
19398.547
19487.592
19467.904
19550.912
19491.9
19566.592
19533.498
19509.635
19615.86
19568.695
19664.676
19691.594
19791.533
19693.162
19661.725
19751.598
19898.664
19873.19
19833.137
19905.967
19977.379
19912.469
19976.373
19947.4
19965.86
20087.03
20040.926
20175.008
20073.254
20078.662
20134.887
20059.83
20078.367
20085.059
20254.186
20196.543
20347.455
20187.686
20250.775
20225.348
20234.188
20412.154
20313.523
20425.441
20477.729
20578.46
20663.58
20655.674
20751.674
20732.354
20757.998
20752.918
21027.945
20933.613
21019.34
21049.928
21119.156
21084.623
21065.322
21120.344
21147.234
21230.213
21213.576
21285.855
21341.404
21390.373
21399.594
21487.932
21420.293
21534.438
21587.01
21657.715
21586.648
21798.504
21663.688
21735.857
21769.408
21801.578
21750.572
21945.668
21841.115
21807.523
21850.848
22006.46
21908.635
21975.533
21939.959
21999.88
21989.816
21998.334
22014.205
22132.102
21954.973
22102.8
21899.838
21889.07
21913.229
21900.443
21956.832
21999.94
22110.684
22116.787
22053.955
22035.428
22076.451
21985.979
21947.482
22068.281
22033.09
21916.58
21969.012
21969.816
21794.959
21950.957
21972.428
21979.04
22021.123
21986.418
21984.822
21918.42
21917.494
21803.957
21879.35
21894.67
21954.613
21933.926
21827.303
21826.336
21895.004
21836.46
21669.361
21636.877
21645.787
21554.266
21613.537
21543.453
21604.375
21640.355
21516.23
21552.947
21323.107
21395.883
21409.602
21553.191
21414.314
21285.729
21330.676
21273.594
21228.102
21265.93
21209.244
21144.156
21072.469
21072.45
20944.762
20887.969
20872.521
20909.348
20574.375
20717.36
20574.375
20598.984
20343.717
20322.137
20251.656
20210.162
20169.69
20268.727
20280.508
20165.46
20178.209
20222.465
20136.049
20178.531
20149.852
20223.629
20197.533
20227.506
20258.146
20195.943
20186.213
20308.676
20289.658
20271.436
20126.457
20291.441
20219.377
20237.584
20368.203
20285.754
20263.379
20344.984
20351.553
20330.53
20371.008
20368.318
20456.03
20410.574
20502.402
20492.193
20571.23
20696.71
20572.998
20588.88
20619.41
20641.277
20733.34
20627.164
20790.357
20743.426
20842.213
20772.52
20859.701
20879.139
20738.436
20797.29
20631.613
20837.879
20745.885
20767.986
20851.367
20902.312
21070.168
20850.312
20999.04
21039.592
21049.28
21053.889
21106.207
21090.55
21034.771
21041.387
20972.756
21055.857
21194.725
21156.072
21239.36
21160.998
21155.854
21079.463
21248.453
21101.695
21177.49
21247.553
21205.424
21375.799
21123.277
21266.975
21198.383
21145.975
21224.514
21123.564
21147.65
21212.092
21143.902
21349.145
21255.842
21306.537
21377.145
21355.627
21311.418
21251.021
21303.895
21323.084
21433.01
21385.822
21420.344
21393.312
21427.236
21472.518
21574.467
21454.084
21396.236
21431.592
21519.926
21502.223
21578.486
21479.854
21388.348
21502.035
21559.959
21549.27
21536.5
21604.203
21575.844
21636.854
21613.764
21722.824
21614.926
21599.25
21670.049
21609.992
21571.758
21695.678
21655.254
21822.068
21750.441
21794.871
21652.184
21649.95
21698.861
21745.184
21804.855
21903.406
21809.004
21761.846
21639.465
21769.178
21606.303
21613.068
21792.494
21709.793
21689.248
21707.977
21764.61
21637.014
21839.475
21650.818
21716.066
21640.62
21766.691
21790.43
21799.553
21885.053
21850.29
21837.8
21848.031
21826.652
21887.516
21943.924
21900.717
21861.654
21909.15
21906.303
22003.459
21987.291
21937.002
22048.404
21955.879
21905.236
21944.062
22008.994
21933.695
21860.297
21795.707
21889.617
21887.848
21760.252
21871.904
22049.336
21942.598
22054.04
22008.822
22051.82
21930.307
21953.443
21995.865
22092.61
22117.996
21995.94
21914.137
21852.912
21994.576
21980.613
21985.94
22011.846
21951.473
22033.8
21946.195
21808.947
21748.434
21702.238
21821.21
21691.102
21812.393
21759.596
21757.438
21740.08
21756.303
21710.295
21509.836
21648.16
21779.996
21718.832
21611.434
21587.82
21556.047
21454.066
21523.217
21361.49
21517.568
21472.66
21482.92
21482.604
21319.998
21397.36
21315.66
21256.268
21157.348
21260.744
21211.424
21181.742
21063.836
20937.227
20955.08
20898.033
20752.793
20952.1
20803.273
20916.936
20912.13
20931.842
20962.742
20894.994
20935.049
20879.914
20885.15
20963.945
20869.363
20651.824
20737.244
20580.885
20775.098
20614.584
20674.508
20609.246
20724.973
20756.227
20767.922
20770.57
20644.49
20711.748
20668.312
20568.568
20423.482
20526.94
20549.541
20528.41
20567.729
20502.305
20485.865
20543.082
20576.77
20607.514
20755.348
20664.986
20731.332
20689.346
20788.947
20735.756
20722.28
20687.848
20661.766
20698.229
20653.467
20773.65
20617.373
20533.908
20611.941
20695.252
20701.385
20839.986
20854.299
20980.701
21039.213
20983.064
20967.174
20894.324
20892.879
20998.96
21065.514
21029.28
20812.135
20896.586
20855.502
20871.648
20853.23
20862.164
20906.766
20814.809
20903.877
20897.06
20925.959
20987.834
21025.998
21099.303
21078.602
21174.25
21031.277
21081.365
20970.7
20992.607
21070.352
20897.28
20969.42
20997.684
21094.033
21052.201
21165.896
21167.066
21188.553
21369.824
21271.377
21323.047
21209.166
21196.785
21234.193
21221.658
21280.691
21181.168
21191.002
21299.627
21344.53
21229.008
21334.791
21128.963
21289.768
21390.852
21325.6
21351.518
21416.97
21394.479
21350.023
21331.662
21272.082
21305.26
21238.496
21306.469
21244.215
21277.709
21313.352
21303.21
21371.46
21423.709
21332.418
21300.02
21409.625
21404.428
21376.824
21386.496
21236.361
21322.432
21167.688
21200.229
21249.79
21352.299
21217.27
21263.965
21355.113
21369.037
21436.75
21444
21434.928
21342.299
21458.879
21444.535
21413.102
21463.867
21442.07
21409.285
21344.553
21403.93
21260.47
21357.955
21305.502
21352.176
21446.854
21401.436
21386.432
21478.424
21434.748
21413.08
21424.535
21545.553
21457.871
21607.572
21457.58
21425.584
21419.926
21463.164
21371.87
21326.078
21182.232
21432.418
21402.166
21249.557
21356.31
21335.207
21385.648
21453.799
21295.748
21401.666
21498.234
21469.922
21546.15
21440.525
21644.814
21504.285
21507.432
21415.406
21511.797
21479.883
21419.367
21417.086
21437.23
21437.168
21436.615
21491.69
21472.951
21580.766
21550.682
21578.057
21475.674
21545.732
21471.549
21536.568
21555.795
21680.205
21683.605
21537.86
21636.414
21657.924
21566.2
21520.396
21592.443
21513.926
21596.836
21625.58
21635.252
21792.947
21677.225
21664.84
21565.562
21666.629
21624.287
21744.668
21751.717
21702.643
21663.164
21709.066
21738.473
21792.803
21644.324
21931.32
21867.393
21980.232
21866.922
22015.127
22069.604
22003.693
22135.756
21905.254
21927.459
21840.592
21946.387
21890.752
21979.52
21873.332
21946.654
21838.701
21988.918
21981.73
22124.967
22064.123
22116.709
21992.809
22176.934
22062.633
22117.248
22135.9
22073.78
22025.568
21988.102
21947.82
22002.781
21958.201
22044.773
22024.334
21988.395
21994.273
22104.422
22178.064
22230.82
22211.334
22194.465
22225.86
22332.973
22262.3
22435.908
22337.572
22185.451
22197.969
22107.207
22212.469
22306.47
22259.223
22249.568
22378.002
22285.227
22368.441
22248.941
22370.803
22386.676
22339.387
22189.11
22204.756
22122.492
22216.969
22222.814
22169.86
22268.707
22248.102
22293.201
22373.395
22299.379
22347.215
22201.834
22183.04
22173.715
22275.791
22239.56
22163.066
22218.494
22211.72
22154.994
22127.38
22175.525
22108.158
22186.252
22108.08
22122.26
22128.9
22040.928
21957.598
22040.93
22062.346
22067.137
22011.494
22117.533
22041.025
22065.697
22071.521
22014.69
21974.273
21953.275
22029.586
21943.271
22052.057
22014.648
22056.9
22034.963
21991.04
21944.746
21895.684
22026.273
22052.37
21936.07
22026.3
22048.518
22049.088
21967.383
21979.248
22012.01
22017.37
21957.846
22154.035
22207.883
22182.92
22136.676
22028.62
22076.785
22038.36
22007.725
22000.623
22067.098
22077.72
22265.805
22215.03
22233.91
22158.477
22269.957
22281.658
22132.492
22069.102
22270.129
22055.781
22269.28
22281.275
22210.58
22200.236
22267.422
22270.85
22341.584
22431.908
22394.285
22527.719
22386.555
22594.527
22479.287
22406.695
22484.328
22461.713
22686.11
22690.705
22752.502
22685.715
22706.855
22557.598
22812.244
22768.617
22776.447
22877.168
22650.064
22605.01
22680.57
22712.707
22554.252
22754.387
22631.799
22769.512
22648.45
22765.016
22598.508
22613.883
22583.61
22464.443
22575.5
22462.242
22541.229
22493.182
22456.803
22616.564
22592.97
22492.328
22480.01
22519.281
22566.791
22606.355
22485.973
22506.945
22612.363
22547.857
22539.041
22508.754
22493.402
22520.713
22639.562
22600.734
22429.492
22413.701
22408.055
22359.88
22480.936
22444.826
22422.164
22385.932
22441.27
22394.13
22449.926
22510.266
22496.33
22388.344
22509.373
22449.34
22529.088
22394.988
22388.88
22441.248
22478.352
22336.994
22394.627
22367.354
22340.49
22329.197
22349.664
22373.68
22340.717
22183.55
22404.496
22242.25
22276.84
22372.828
22286.037
22293.29
22369.568
22392.379
22475.643
22270.682
22465.482
22351.66
22328.727
22307.533
22436.37
22329.492
22457.793
22356.627
22406.674
22362.63
22380.08
22521.47
22381.621
22518.133
22443.674
22495.236
22425.787
22378.793
22480.03
22506.297
22437.564
22456.297
22425.201
22325.596
22483.504
22433.053
22431.531
22419.467
22486.182
22430.262
22336.422
22265.326
22237.041
22398.318
22365.305
22417.754
22292.361
22374.42
22145.898
22231.17
22160.234
22266.576
22510.973
22405.514
22448.035
22310.092
22429.62
22278.498
22181.549
22350.406
22199.885
22376.969
22343.303
22292.865
22356.209
22277.291
22213.846
22258.95
22217.621
22242.06
22214.852
22269.229
22289.125
22230.916
22246.09
22185.86
22015.479
22205.408
22132.79
22127.453
22178.52
22097.422
22090
22138.176
22128.414
22122.91
22143.842
22019.639
22107.033
22074.69
22146.955
22236.941
22136.457
22340.812
22202.418
22495.877
22787.63
22996.105
23180.117
23235.678
23252.164
23449.303
23499.213
23648.477
23629.87
23720.416
23599.545
23588.863
23851.11
23846.174
23841.674
23902.844
23953.621
23912.52
23722.334
23828.643
23888.707
23809.182
23960.621
23950.428
23996.91
23941.656
23776.695
23743.4
23678.947
23689.262
23691.428
23615.027
23646.375
23540.602
23585.322
23595.86
23570.416
23614.197
23496.861
23432.846
23570.938
23448.123
23528.408
23443.781
23437.31
23421.344
23413.44
23341.459
23335.61
23288.76
23203.035
23265.424
23283.87
23319.115
23263.611
23164.648
23249.018
23102.707
23096.111
23219.146
23189.809
23223.875
23233.06
23247.088
23193.96
23216.607
23231.656
23241.621
23261.838
23246.014
23173.268
23344.068
23205.414
23276.129
23074.896
23134.533
23021.377
23095.559
23112.58
23134.664
23056.998
22963.676
22900.537
22809.682
22974.795
22868.791
22849.576
22816.432
22860.07
22839.506
22954.645
22925.762
22972.094
22921.89
22820.559
22836.955
22762.943
22899.227
22731.963
22695.19
22662.996
22786.89
22684.744
22750.922
22666.215
22635.342
22604.896
22600.93
22483.818
22642.85
22531.256
22522.652
22587.592
22619.1
22555.812
22485.99
22466.56
22559.95
22417.555
22441.66
22386.432
22206.002
22282.4
22253.086
22138.33
22181.348
22241.2
22305.824
22204.145
22234.602
22235.393
22224.967
22274.537
22185.29
22180.738
21963.432
22038.514
22013.467
21921.81
21895.566
22025.89
21910.32
21979.562
21868.713
21941.004
21790.076
21768.756
21877.922
21824.37
21886.139
21825.418
21842.318
21794.42
21771.912
21719.588
21718.93
21811.596
21743.574
21814.064
21695.383
21639.914
21753.656
21721.67
21638.727
21682.352
21697.574
21613.686
21684.268
21675.314
21624.688
21704.281
21640.379
21748.404
21440.746
21582.83
21509.414
21457.455
21395.559
