21915.873
21821.113
21848.79
21785.021
21767.506
21829.748
21883.896
21790.21
21664.604
21710.537
21711.883
21712.277
21586.889
21596.766
21657.309
21597.938
21708.166
21656.53
21686.82
21697.523
21735.893
21788.174
21701.11
21599.6
21789.785
21594.33
21615.71
21715.5
21626.414
21688.393
21797.764
21674.55
21624.666
21675.756
21708.889
21605.473
21642.377
21545.41
21624.787
21660.16
21506.105
21563.488
21596.361
21602.256
21549.283
21485.844
21561.193
21475.6
21470.34
21348.75
21426.797
21364.922
21442.682
21452.793
21462.28
21401.152
21454.396
21343.795
21375.64
21333.229
21341.143
21405.025
21296.73
21252.18
21215.684
21213.05
21269.123
21279.203
21308.125
21387.566
21255.088
21320.182
21304.137
21293.16
21377.033
21401.283
21406.428
21364.184
21427.469
21355.174
21390.926
21512.947
21351.184
21390.242
21374.799
21248.59
21268.225
21221.385
21092.646
21411.418
21301.557
21310.129
21175.62
21386.273
21429.902
21346.686
21393.75
21265.527
21326.113
21343.201
21272.322
21236.656
21234.594
21235.375
21397.54
21250.436
21233.596
21330.932
21228.18
21363.453
21227.6
21187.969
21282.83
21315.166
21433.438
21377.648
21190.664
21234.19
21319.707
21383.543
21342.676
21260.498
21195.28
21285.89
21170.064
21162.059
21009.848
21212.791
21158.307
21294.951
21178.844
21122.252
20989.184
21102.47
20875.887
21114.549
21139
21030.135
21098.012
21069.582
21032.322
20892.555
21032.88
20967.314
21072.658
20985.686
21001.959
21064.43
20872.64
21128.055
20887.812
20907.756
20875.111
20883.057
20923.738
20877.926
20934.334
20882.34
20775.984
20863.89
20912.168
20923.041
20803.398
20972.781
20841.812
20898.43
20896.25
20936.508
20883.986
20850.904
20852.492
20797.94
20692.672
20780.299
20795.084
20779.234
20837.918
20901.549
20999.24
20874.848
20918.416
20930
20971.023
20895.873
20962.941
20935.6
20863.37
20877.365
20814.822
20870.273
20775.352
20799.822
20824.021
20905.967
20801
20678.832
20777.762
20637.605
20843.262
20705.35
20866.158
20915.979
20878.87
20879.17
20823.498
20760.959
20901.764
20696.236
20924.791
20799.799
20966.322
20942.512
20884.258
20855.791
20797.682
20737.953
20727.143
20803.322
20849.104
20894.979
20842.818
20885.98
20745.352
20866.705
20789.443
20905.357
20819.184
20930.105
20841.635
20808.746
20782.188
20796.588
20907.994
20859.36
20808.055
20765.078
20830.52
20698.7
20846.264
20578.82
20743.29
20694.703
20728.152
20674.684
20751.418
20678.35
20772.729
20786.094
20720.557
20737.06
20716.648
20679.994
20755.934
20703
20850.344
20660.229
20727.594
20751.951
20810.885
20788.281
20763.002
20800.059
20833.637
20904.146
20870.213
20804.82
20812.041
20643.139
20853.273
20664.63
20859.523
20866.324
20843.518
20862.996
20849.18
20883.025
20923.781
20976.205
21016.889
20963.57
20870.61
20793.605
20859.201
20884.377
20918.283
20901.379
20846.594
20892.928
20864.195
20926.723
20912.9
20920.5
20900.852
20941.068
20839.662
20946.49
20834.908
20868.33
20876.16
20855.469
20794.57
20915.85
20875.34
21003.594
20908.43
21071.898
20868.959
21029.557
20945.146
20960.936
20913.578
21055.602
21091.428
20957.096
21034.053
21074.805
21073.781
21157.926
21030.316
21091.64
21087.664
21148.287
21167.877
21218.584
21147.129
21177.666
21328.986
21355.508
21311.873
21273.768
21226.36
21297.025
21208.314
21315.217
21452.371
21377.3
21371.344
21381.197
21419.53
21399.326
21424.672
21591.89
21600.154
21623.523
21626.6
21702.393
21665.37
21781.525
21777.06
21862.67
21750.3
21820.02
21784.549
21759.78
21702.217
21884.732
21701.936
21997.227
21862.637
21861.842
21875.797
21920.357
21848.572
21805.805
21869.783
21938.148
21941.316
21942.297
22066.562
22005.723
22058.373
22108.695
21997.05
22016.793
21977.314
22057.709
22075.59
22122.037
22190.082
22119.084
22208.242
22098.514
22208.61
22130.234
22143.281
22329.654
22305.41
22419.098
22323.377
22334.562
22141.025
22049.754
22208.744
22152.664
22176.451
22274.842
22369.707
22287.023
22128.21
22189.512
22135.87
22195.1
22105.488
22202.125
21958.95
22103.018
22106.84
22206.285
22021.904
22028.81
21998.387
22039.818
21995.695
22086.418
22019.752
22076.904
21996.295
22004.3
21990.324
21993.877
21875.352
21912.057
21936.021
21909.613
21828.371
21921.635
21865.156
21841.488
21735.877
21921.182
21703.744
21699.094
21675.227
21731.818
21594.066
21823.69
21692.191
21720.492
21548.682
21729.473
21558.432
21578.27
21474.152
21446.348
21333.643
21321.754
21269.092
21234.887
21167.318
21075.791
20980.748
20857.58
21006.287
20951.277
20944.195
20933.818
21026.275
20917.074
20947.41
20968.03
20978.738
20931.922
20971.057
20857.367
20906.783
20959.752
20869.88
21089.762
20956.943
20886.307
20860.15
20805.795
20733.584
20922.492
20955.398
20924.756
21080.336
20951.895
21123.377
21047.637
21007.387
21187.105
21111.38
21191.016
21232.307
21196.246
21162.68
21240.918
21467.771
21403.297
21305.77
21290.578
21304.873
21340.95
21284.773
21287.45
21373.773
21332.562
21497.186
21423.01
21553.004
21484.8
21452.945
21499.322
21400.463
21367.363
21597.35
21435.037
21528.596
21458.88
21505.86
21734.654
21676.943
21675.623
21733.516
21720.084
21647.799
21763.193
21757.41
21775.332
21713.1
21771.951
21767.18
22015.184
21887.035
21823.375
21960.092
21823.686
21885.012
22026.635
21994.967
22102.252
22097.426
22010.719
22084.842
21992.195
21978.027
22169.936
21969.248
22105.543
22130.557
22020.084
22137.053
22127.797
22203.121
22063.502
22220.1
22288.764
22300.693
22265.482
22293.79
22290.955
22316.617
22426.58
22401.352
22315.56
22378.178
22385.465
22306.586
22282.066
22187.252
22183.943
22063.668
22308.11
22182.564
22274.434
22184.508
22153.133
22165.762
22313.34
22262.76
22410.002
22410.809
22395.266
22276.176
22310.35
22287.54
22510.018
22418.512
22421.012
22452.518
22470.22
22505.43
22365.898
22321.49
22268.223
22306.676
22178.201
22322.318
22176.424
22270.336
22317.002
22205.674
22455.158
22254.371
22308.828
22324.197
22345.523
22394.467
22331.74
22333.852
22285.752
22321.717
22315.793
22345.3
22329.857
22374.062
22390.535
22334.527
22497.277
22446.4
22620.756
22732.418
22477.826
22547.873
22588.656
22603.574
22489.355
22488.098
22400.947
22360.912
22456.86
22510.285
22558.57
22444.37
22536.45
22547.145
22695.91
22580.932
22521.133
22612.998
22664.322
22714.252
22576.98
22689.098
22622.25
22493.219
22534.492
22484.52
22604.088
22523.254
22651.113
22533.783
22533.248
22513.27
22590.07
22477.8
22572.232
22465.908
22451.707
22461.16
22528.54
22411.27
22506.662
22576.367
22766.084
22535.506
22710.5
22557.348
22577.031
22524.213
22471.756
22481.793
22414.102
22340.133
22476.523
22320.453
22431.516
22290.38
22312.914
22302.674
22257.68
22283.033
22272.035
22251.336
22320.805
22172.14
22130.139
22067.307
22138.8
21926.076
22105.541
21952.457
21980.975
21936.883
21896.494
22058.234
22055.83
21915.531
21906.793
21801.115
21840.293
21872.328
21931.219
21724.93
21944.287
21771.383
21818.236
21861.3
21837.531
21903.727
21973.78
21829.96
21858.1
21820.312
21715.164
21761.137
21628.06
21654.504
21675.973
21779.451
21627.686
21631.486
21543.965
21642.809
21435.332
21452.174
21436.188
21429.047
21429.455
21549.295
21514.977
21364.39
21384.271
21335.154
21275.373
21274.99
21324.188
21325.068
21394.314
21374.377
21576.006
21533.334
21624.207
21492.605
21497.377
21455.266
21352.95
21417.074
21411.771
21513.777
21432.658
21537.385
21514.898
21586.365
21571.58
21565.018
21523.484
21367.44
21659.086
21490.857
21706.156
21566.168
21614.814
21581.184
21641.998
21802.88
21680.541
21808.355
21724.457
21955.648
21704.63
21955.193
21728.04
21875.945
21594.135
21629.197
21729.973
21675.38
21861.549
21816.105
21670.072
21751.164
21739.8
21828.4
21769.375
21707.41
21858.84
21958.584
21858.963
21798.443
21767.584
22055.688
21831.93
21928.545
21924.486
22080.967
22034.588
22037.564
22010.857
21962.775
22049.32
22086.818
22095.043
22039.744
22023.305
22173.244
22068.678
22134.768
22032.441
22169.62
22042.076
22148.756
22088.38
22070.975
22128.387
22058.418
22160.543
22115.713
21929.916
22158.348
21906.764
22047.125
22045.102
22043.766
22019.818
21847.426
21972.238
22068.947
22022.162
22162.533
22009.703
22059.27
21976.28
22052.357
22040.822
21941.484
21954.402
22053.965
21963.125
21962.111
22000.723
21927.031
21878.906
21921.95
21906.023
21953.453
21921.148
21964.766
22000.963
21988.264
21974.033
21970.201
21999.52
21974.963
22061.45
21993.932
21988.021
22098.252
22031.355
22110.61
22041.396
21949.701
21907.578
21926.484
21921.707
21926.38
21860.926
21894.518
21867.258
21807.957
21960.752
21885.71
21915.213
21955.842
21953.627
22015.076
21915.94
22069.318
21956.248
21994.457
21909.36
21990.064
21877.727
21956.672
21959.033
21949.297
22145.5
21979.975
21989.04
22074.662
21854.777
21981.988
22010.273
21937.936
22119.586
21948.945
22015.584
22189.713
22008.555
22048.717
22007.424
21937.875
21955.508
21857.186
21958.062
21999.479
21954.727
22123.252
21861.379
22026.18
22142.24
22121.56
22196.662
22122.746
22048.088
22051.477
22004.488
21950.309
21837.852
21977.264
21834.037
21866.867
21842.258
21815.4
21950.305
21806.729
21943.256
22011.465
21971.975
22037.1
22114.945
22025.969
22093.55
21958.723
22015.78
22089.342
21997.701
22086.197
22101.791
22076.002
22162.848
22160.355
22186.547
22115.148
22105.998
22148.145
22135.17
22092.25
22094.219
22063.46
22147.36
22288.762
22079.898
22058.148
22283.877
22236.53
22127.305
22301.725
22303.31
22241.973
22234.18
22200.848
22147.549
22159.95
22193.877
22159.895
22159.98
22280.512
22267.033
22263.938
22263.195
22190.766
22191.156
22263.418
22176.549
22320.967
22266.174
22239.06
22331.875
22335.867
22339.645
22253.406
22329.023
22396.367
22379.219
22231.754
22264.938
22277.562
22346.2
22312.855
22376.762
22454.305
22461.38
22535.076
22393.193
22344.832
22358.748
22270.201
22241.137
22358.645
22235.068
22266.666
22283.979
22371.18
22335.195
22231.203
22163.203
22267.06
22277.326
22441.143
22242.064
22228.875
22296.312
22216.537
22288.795
22359.31
22351.748
22260.492
22321.031
22266.953
22226.498
22330.951
22258.104
22376.861
22266.957
22164.312
22176.467
22006.5
22026.89
21900.217
21945.084
22005.002
21959.496
21831.662
21967.637
21974.719
22017.342
21991.941
22028.258
21904.875
22086.715
21967.023
22060.426
21956.71
22005.143
21928.188
21933.916
21787.928
21879.508
21852.766
21930.193
21954.633
22011.729
22040.41
21970.303
21866.266
21900.582
22001.635
21943.346
21824.78
21884.594
21758.678
21879.707
21921.51
21938.443
21781.34
21735.055
21742.969
21788.744
21800.36
21763.113
21904.17
21915.67
21876.248
21712.031
21791.445
21935.996
21755.146
21854.213
21749.479
21906.428
21986.627
22002.566
21967.383
21959.93
22048.027
21991.16
21921.873
21861.096
21997.398
22131.65
22003.066
22009.926
22098.365
22071.494
22134.006
22059.19
22081.059
22098.752
22257.82
22222.885
22218.1
22223.646
22231.514
22315.348
22174.533
22277.646
22322.674
22352.729
22236.26
22251.602
22232.1
22244.46
22194.182
22453.826
22230.375
22331.54
22315.227
22400.072
22395.637
22473.734
22359.215
22395.086
22375.168
22377.365
22305.484
22412.281
22336.273
22594.873
22423.092
22519.896
22442.166
22460.549
22499.18
22469.764
22367.008
22468.96
22430.236
22347.254
22432.6
22299.936
22431.867
22313.482
22468.771
22433.41
22345.26
22475.205
22524.223
22352.268
22559.375
22377.965
22294.158
22199.545
22231.303
22264.6
22225.348
22272.916
22208.49
22293.908
22224.637
22349.043
22232.23
22181.252
22219.271
22196.607
22221.373
22247.377
22326.006
22317.53
22252.623
22287.564
22132.19
22417.37
22344.787
22302.287
22316.396
22319.127
22236.086
22322.041
22360.602
22320.758
22362.559
22221.102
22393.219
22303.375
22321.781
22249.41
22255.28
22294.963
22273.564
22316.432
22362.209
22250.285
22339.463
22201.049
22265.064
22180.184
22190.303
22230.424
22189.576
22220.201
22172.705
22301.68
22218.928
22190.11
22150.248
22212.87
22097.754
22193.312
22259.914
22280.355
22109.83
22123.236
22051.568
22151.004
22291.836
22168.227
22204.973
22108.938
22057.523
22172.85
22056.398
22154.2
22109.133
22212.383
22150.043
22261.445
22118.291
21973.016
22169.143
22092.553
22055.488
22155.463
22098.904
22033.027
22097.242
22192.572
22183.545
22198.188
22058.154
22024.525
22026.889
22044.31
22031.545
22076.28
21987.182
22069.389
22003.182
22001.602
22035.137
21976.988
22089.766
21897.021
21971.883
21813.496
21888.045
21826.553
21891.977
21755.928
21926.99
21919.182
21991.383
21872.707
21929.217
21824.229
21765.393
21836.553
21832.463
21765.234
21947.098
22274.465
22580.846
22793.523
22937.19
23040.45
23081.479
23205.041
23340.578
23425.916
23294.81
23443.27
23655.777
23498.082
23589.824
23633.11
23653.012
23786.014
23777.5
23786.258
23663.947
23569.64
23703.154
23621.885
23710.574
23506.883
23584.16
23542.434
23538.68
23437.805
23475.39
23603.6
23569.445
23561.43
23533.553
23476.03
23694.953
23550.635
23614.863
23497.02
23493.654
23425.727
23446.559
23440.617
23545.361
23318.883
23431.816
23352.963
23259.32
23327.76
23250.709
23212.44
23175.758
23332.238
23293.74
23255.531
23216.074
23282.168
23310.957
23194.143
23339.756
23158.102
23158.383
23291.31
23180.059
23242.188
23260.957
23147.336
23087.715
23131.537
23183.129
23141.863
23039.906
23043.809
23138.008
23119.006
23091.195
23090.672
23255.102
23105.416
23251.346
23070.197
23116.832
23061.258
23109.623
22963.66
22941.578
22962.11
22958.906
23061.643
22986.5
22893.889
22858.8
22893.715
22725.055
22759.246
22766.637
22808.553
22788.025
22776.477
22694.434
22630.467
22704.703
22514.39
22595.293
22697.879
22624.107
22627.959
22605.219
22572.91
22518.096
22521.2
22514.314
22483.16
22399.113
22502.307
22520.418
22368.596
22379.627
22466.969
22347.89
22204.508
22263.73
22209.557
22091.527
22087.21
22150.873
22131.72
22095.812
22015.16
22060.523
21993.797
21949.408
21912.455
22058.2
21985.035
22135.783
22012.84
21985.057
22053.066
21926.14
21855.621
21734.332
21695.395
21765.787
21784.344
21791.816
21824.752
21703.191
21653.23
21679.133
21536.041
21643.002
21558.197
21638.719
21596.426
21573.67
21776.504
21557.629
21565.48
21496.186
21536.945
21513.375
21441.998
21480.424
21527.88
21524.988
21588.85
21541.232
21589.012
21558.477
21580.852
21600.83
21493.33
21552.428
21455.367
21598.354
21340.6
21395.3
21402.146
